response-time,DNS+dialup,DNS,Request-write,Response-delay,Response-read,status-code,offset,size
7.6588,0.0042,0.0000,0.0001,7.6445,0.0004,200,0.6101,1123
6.4374,0.0039,0.0000,0.0001,6.4327,0.0006,200,8.2690,1124
6.2420,0.0036,0.0000,0.0003,6.2377,0.0004,200,14.7064,1085
6.1390,0.0053,0.0000,0.0006,6.1322,0.0004,200,20.9484,1083
5.3878,0.0069,0.0000,0.0001,5.3802,0.0004,200,27.0874,1079
6.1882,0.0040,0.0000,0.0003,6.1835,0.0004,200,32.4751,1099
6.0956,0.0035,0.0000,0.0001,6.0914,0.0005,200,38.6634,1065
5.3781,0.0056,0.0000,0.0002,5.3719,0.0003,200,44.7590,1098
5.3632,0.0051,0.0000,0.0001,5.3575,0.0004,200,50.1371,1100
5.8137,0.0064,0.0000,0.0002,5.8065,0.0004,200,55.5003,1105
6.5788,0.0034,0.0000,0.0002,6.5745,0.0006,200,61.3140,1111
5.9102,0.0051,0.0000,0.0001,5.9045,0.0003,200,67.8929,1124
5.8250,0.0043,0.0000,0.0003,5.8197,0.0005,200,73.8030,1087
5.6251,0.0045,0.0000,0.0001,5.6200,0.0004,200,79.6280,1060
5.3007,0.0051,0.0000,0.0003,5.2944,0.0006,200,85.2531,964
6.1093,0.0032,0.0000,0.0001,6.1056,0.0003,200,90.5538,1086
6.0467,0.0048,0.0000,0.0003,6.0412,0.0003,200,96.6631,1050
5.4358,0.0036,0.0000,0.0001,5.4317,0.0003,200,102.7098,963
6.1737,0.0036,0.0000,0.0001,6.1694,0.0005,200,108.1456,966
5.5749,0.0042,0.0000,0.0001,5.5701,0.0003,200,114.3193,971
5.8108,0.0033,0.0000,0.0001,5.8066,0.0005,200,119.8941,966
5.3935,0.0065,0.0000,0.0001,5.3865,0.0003,200,125.7050,986
5.6011,0.0078,0.0000,0.0002,5.5926,0.0005,200,131.0985,944
5.9730,0.0039,0.0000,0.0002,5.9685,0.0003,200,136.6995,1079
5.8604,0.0046,0.0000,0.0002,5.8551,0.0005,200,142.6725,1080
6.0865,0.0035,0.0000,0.0001,6.0822,0.0004,200,148.5330,1079
6.0910,0.0036,0.0000,0.0001,6.0868,0.0004,200,154.6195,945
5.6293,0.0054,0.0000,0.0001,5.6233,0.0004,200,160.7105,966
5.8074,0.0042,0.0000,0.0001,5.8027,0.0003,200,166.3398,984
5.7296,0.0068,0.0000,0.0003,5.7217,0.0008,200,172.1472,1103
6.0871,0.0107,0.0000,0.0003,6.0757,0.0003,200,177.8770,1078
5.9050,0.0037,0.0000,0.0001,5.9007,0.0004,200,183.9641,1081
5.7630,0.0045,0.0000,0.0001,5.7580,0.0003,200,189.8691,1085
6.5986,0.0037,0.0000,0.0001,6.5941,0.0007,200,195.6322,944
5.8007,0.0039,0.0000,0.0001,5.7962,0.0004,200,202.2308,969
5.8695,0.0066,0.0000,0.0012,5.8614,0.0004,200,208.0315,989
6.3849,0.0061,0.0000,0.0001,6.3782,0.0003,200,213.9010,947
5.5567,0.0049,0.0000,0.0002,5.5511,0.0004,200,340.2870,948
5.6128,0.0050,0.0000,0.0001,5.6072,0.0004,200,345.8437,939
5.3744,0.0036,0.0000,0.0001,5.3700,0.0003,200,351.4565,945
5.6310,0.0049,0.0000,0.0001,5.6252,0.0005,200,356.8309,948
5.8942,0.0047,0.0000,0.0001,5.8886,0.0006,200,362.4619,967
6.0771,0.0045,0.0000,0.0003,6.0719,0.0003,200,368.3561,942
5.7511,0.0039,0.0000,0.0003,5.7466,0.0003,200,374.4331,948
5.5203,0.0040,0.0000,0.0001,5.5155,0.0004,200,380.1843,967
5.5413,0.0041,0.0000,0.0001,5.5366,0.0004,200,385.7046,970
5.6287,0.0035,0.0000,0.0001,5.6240,0.0010,200,391.2459,967
5.4839,0.0071,0.0000,0.0002,5.4762,0.0002,200,396.8746,1100
5.8211,0.0030,0.0000,0.0002,5.8174,0.0005,200,402.3585,1099
5.7027,0.0037,0.0000,0.0001,5.6981,0.0005,200,408.1796,1064
5.6046,0.0057,0.0000,0.0001,5.5982,0.0003,200,413.8824,1099
5.3289,0.0041,0.0000,0.0001,5.3242,0.0004,200,419.4870,1082
5.9389,0.0038,0.0000,0.0001,5.9343,0.0006,200,424.8159,1102
6.5949,0.0047,0.0000,0.0002,6.5894,0.0005,200,550.7558,1100
7.1480,0.0048,0.0000,0.0001,7.1423,0.0006,200,557.3506,1119
6.0601,0.0054,0.0000,0.0001,6.0542,0.0003,200,564.4986,1120
6.9378,0.0036,0.0000,0.0001,6.9336,0.0004,200,570.5588,1121
6.0253,0.0042,0.0000,0.0003,6.0200,0.0006,200,577.4966,1080
6.5064,0.0035,0.0000,0.0002,6.5021,0.0004,200,583.5218,1098
6.0798,0.0042,0.0000,0.0005,6.0745,0.0004,200,590.0285,1087
5.6895,0.0040,0.0000,0.0003,5.6848,0.0003,200,596.1083,964
6.2829,0.0045,0.0000,0.0001,6.2776,0.0006,200,601.7978,1087
5.5583,0.0064,0.0000,0.0002,5.5514,0.0003,200,608.0807,1106
5.7451,0.0037,0.0000,0.0001,5.7321,0.0091,200,613.6391,1107
6.1690,0.0043,0.0000,0.0001,6.1642,0.0003,200,619.3842,1086
5.7152,0.0064,0.0000,0.0004,5.7079,0.0005,200,625.5532,1085
5.6757,0.0031,0.0000,0.0001,5.6720,0.0003,200,631.2684,1106
5.7589,0.0042,0.0000,0.0002,5.7540,0.0004,200,636.9441,1087
5.8053,0.0035,0.0000,0.0001,5.8013,0.0003,200,642.7030,1064
5.5655,0.0036,0.0000,0.0001,5.5615,0.0002,200,648.5083,1083
5.5263,0.0058,0.0000,0.0003,5.5195,0.0006,200,654.0738,1087
5.2568,0.0049,0.0000,0.0005,5.2510,0.0003,200,659.6001,1068
5.3250,0.0043,0.0000,0.0039,5.3165,0.0003,200,664.8569,1064
6.5971,0.0040,0.0000,0.0001,6.5924,0.0004,200,670.1819,1086
6.0864,0.0047,0.0000,0.0002,6.0810,0.0004,200,676.7790,1064
5.5276,0.0038,0.0000,0.0001,5.5230,0.0005,200,682.8654,1089
5.6365,0.0055,0.0000,0.0001,5.6305,0.0004,200,688.3930,1062
6.1813,0.0042,0.0000,0.0005,6.1762,0.0003,200,694.0295,1084
5.4529,0.0041,0.0000,0.0001,5.4482,0.0005,200,700.2109,964
5.4338,0.0038,0.0000,0.0001,5.4295,0.0003,200,705.6638,964
5.7091,0.0037,0.0000,0.0001,5.7048,0.0004,200,711.0976,970
5.8902,0.0048,0.0000,0.0001,5.8848,0.0004,200,716.8067,971
5.4543,0.0033,0.0000,0.0001,5.4505,0.0003,200,722.6970,1119
5.4852,0.0039,0.0000,0.0003,5.4806,0.0003,200,728.1513,1121
5.6817,0.0042,0.0000,0.0001,5.6768,0.0004,200,733.6365,987
5.4714,0.0034,0.0000,0.0001,5.4675,0.0004,200,739.3181,966
6.2643,0.0044,0.0000,0.0001,6.2592,0.0003,200,744.7896,1083
5.6209,0.0045,0.0000,0.0001,5.6153,0.0010,200,751.0539,1085
5.5161,0.0203,0.0000,0.0001,5.4952,0.0004,200,756.6748,1106
6.4471,0.0039,0.0000,0.0001,6.4424,0.0007,200,762.1910,930
7.6867,0.0035,0.0000,0.0001,7.6825,0.0005,200,768.6381,967
5.6990,0.0043,0.0000,0.0001,5.6942,0.0003,200,776.3248,945
6.3545,0.0040,0.0000,0.0003,6.3492,0.0008,200,782.0239,970
5.8575,0.0077,0.0000,0.0002,5.8492,0.0003,200,788.3784,1103
5.7367,0.0081,0.0000,0.0002,5.7281,0.0003,200,794.2360,1106
6.2823,0.0090,0.0000,0.0002,6.2728,0.0003,200,799.9727,1123
6.4249,0.0041,0.0000,0.0001,6.4202,0.0004,200,806.2550,1085
6.5315,0.0044,0.0000,0.0001,6.5264,0.0004,200,812.6799,1106
6.9874,0.0038,0.0000,0.0001,6.9831,0.0003,200,819.2114,1105
6.2207,0.0036,0.0000,0.0001,6.2163,0.0005,200,826.1988,1087
6.7523,0.0038,0.0000,0.0001,6.7478,0.0005,200,832.4195,1103
5.3429,0.0042,0.0000,0.0001,5.3379,0.0003,200,839.1718,1107
5.6786,0.0042,0.0000,0.0003,5.6734,0.0004,200,844.5147,1100
5.3778,0.0055,0.0000,0.0009,5.3709,0.0005,200,850.1933,1122
5.9025,0.0033,0.0000,0.0001,5.8985,0.0005,200,855.5711,1122
6.1078,0.0041,0.0000,0.0001,6.1028,0.0008,200,861.4736,1106
5.6530,0.0061,0.0000,0.0003,5.6460,0.0006,200,867.5814,1104
5.7296,0.0042,0.0000,0.0001,5.7247,0.0005,200,873.2344,1105
5.5566,0.0045,0.0000,0.0001,5.5515,0.0003,200,998.9646,1116
5.8259,0.0048,0.0000,0.0001,5.8206,0.0003,200,1004.5212,1117
5.4706,0.0052,0.0000,0.0003,5.4647,0.0004,200,1010.3472,1112
5.4556,0.0046,0.0000,0.0001,5.4505,0.0003,200,1015.8178,1121
5.2955,0.0046,0.0000,0.0001,5.2903,0.0004,200,1021.2734,1107
5.4958,0.0044,0.0000,0.0001,5.4909,0.0003,200,1026.5689,1116
5.4448,0.0051,0.0000,0.0003,5.4388,0.0004,200,1032.0647,1109
5.3994,0.0101,0.0000,0.0001,5.3887,0.0004,200,1037.5096,1120
5.6043,0.0040,0.0000,0.0001,5.5999,0.0003,200,1042.9090,1103
6.8506,0.0030,0.0000,0.0001,6.8467,0.0004,200,1048.5133,1118
5.5530,0.0043,0.0000,0.0001,5.5479,0.0003,200,1055.3639,1110
5.5127,0.0040,0.0000,0.0003,5.5075,0.0003,200,1060.9169,1116
5.4219,0.0037,0.0000,0.0001,5.4173,0.0007,200,1066.4295,1111
5.4885,0.0038,0.0000,0.0001,5.4837,0.0004,200,1071.8514,1117
6.2390,0.0055,0.0000,0.0001,6.2330,0.0003,200,1077.3399,1117
5.5993,0.0047,0.0000,0.0001,5.5941,0.0004,200,1083.5789,983
5.4835,0.0042,0.0000,0.0002,5.4788,0.0003,200,1089.1782,982
6.6059,0.0042,0.0000,0.0001,6.6009,0.0007,200,1094.6618,982
5.6722,0.0042,0.0000,0.0002,5.6671,0.0004,200,1101.2677,979
5.7227,0.0050,0.0000,0.0001,5.7170,0.0004,200,1106.9399,982
6.0493,0.0039,0.0000,0.0002,6.0448,0.0003,200,1112.6625,984
5.7085,0.0037,0.0000,0.0001,5.7040,0.0006,200,1118.7119,982
5.8663,0.0038,0.0000,0.0001,5.8617,0.0006,200,1124.4204,978
6.2842,0.0035,0.0000,0.0001,6.2800,0.0004,200,1130.2868,985
5.9999,0.0038,0.0000,0.0001,5.9956,0.0003,200,1136.5710,1111
5.8796,0.0041,0.0000,0.0001,5.8749,0.0005,200,1142.5710,1113
6.0114,0.0043,0.0000,0.0001,6.0066,0.0003,200,1148.4505,1092
6.1683,0.0043,0.0000,0.0002,6.1633,0.0004,200,1154.4619,1112
5.8316,0.0076,0.0000,0.0003,5.8229,0.0005,200,1160.6303,1115
5.8817,0.0070,0.0000,0.0005,5.8737,0.0005,200,1166.4619,1113
7.2372,0.0039,0.0000,0.0001,7.2327,0.0004,200,1292.3445,1112
6.9464,0.0070,0.0000,0.0001,6.9389,0.0003,200,1299.5817,1112
5.9584,0.0041,0.0000,0.0001,5.9536,0.0005,200,1306.5281,977
6.0229,0.0030,0.0000,0.0001,6.0192,0.0004,200,1312.4865,976
7.0437,0.0032,0.0000,0.0001,7.0399,0.0004,200,1438.5105,979
7.4662,0.0056,0.0000,0.0002,7.4601,0.0003,200,1445.5542,989
6.4216,0.0036,0.0000,0.0001,6.4173,0.0005,200,1453.0204,980
7.9946,0.0040,0.0000,0.0004,7.9897,0.0005,200,1459.4420,982
6.2579,0.0039,0.0000,0.0004,6.2530,0.0005,200,1467.4368,978
6.3343,0.0039,0.0000,0.0003,6.3296,0.0003,200,1473.6948,978
6.4998,0.0066,0.0000,0.0001,6.4926,0.0004,200,1480.0290,1069
6.2964,0.0039,0.0000,0.0001,6.2921,0.0003,200,1486.5288,1069
6.3276,0.0081,0.0000,0.0001,6.3187,0.0006,200,1492.8253,1061
6.2981,0.0031,0.0000,0.0001,6.2944,0.0003,200,1499.1529,1060
5.8447,0.0036,0.0000,0.0002,5.8403,0.0004,200,1505.4509,1074
5.6722,0.0037,0.0000,0.0001,5.6680,0.0003,200,1511.2957,1070
5.9337,0.0036,0.0000,0.0001,5.9295,0.0003,200,1516.9679,1074
5.6602,0.0041,0.0000,0.0001,5.6551,0.0007,200,1522.9016,1073
5.8992,0.0040,0.0000,0.0002,5.8946,0.0004,200,1528.5618,1073
5.9977,0.0039,0.0000,0.0001,5.9932,0.0004,200,1534.4610,1072
5.6720,0.0054,0.0000,0.0001,5.6660,0.0003,200,1540.4587,1069
5.7724,0.0040,0.0000,0.0002,5.7678,0.0003,200,1546.1307,1072
5.6999,0.0038,0.0000,0.0001,5.6956,0.0003,200,1551.9031,1072
6.4020,0.0044,0.0000,0.0001,6.3970,0.0004,200,1557.6030,1072
5.7196,0.0044,0.0000,0.0001,5.7142,0.0004,200,1564.0050,1071
5.7670,0.0035,0.0000,0.0003,5.7625,0.0004,200,1569.7247,1069
5.8234,0.0041,0.0000,0.0001,5.8180,0.0008,200,1575.4917,1070
5.7475,0.0092,0.0000,0.0001,5.7376,0.0004,200,1581.3151,1070
7.2417,0.0042,0.0000,0.0001,7.2369,0.0004,200,1587.0626,1068
7.9724,0.0031,0.0000,0.0001,7.9685,0.0004,200,1594.3042,1069
6.5945,0.0034,0.0000,0.0001,6.5904,0.0005,200,1602.2766,1123
7.9362,0.0043,0.0000,0.0001,7.9313,0.0004,200,1608.8711,1070
7.1101,0.0046,0.0000,0.0003,7.1046,0.0004,200,1616.8073,1082
6.7211,0.0044,0.0000,0.0002,6.7160,0.0005,200,1623.9173,1024
6.5783,0.0037,0.0000,0.0003,6.5737,0.0003,200,1630.6384,1084
7.1302,0.0035,0.0000,0.0003,7.1259,0.0004,200,1637.2167,1080
7.1129,0.0043,0.0000,0.0002,7.1080,0.0003,200,1644.3469,1089
5.8852,0.0040,0.0000,0.0001,5.8806,0.0004,200,1651.4598,1088
7.0204,0.0071,0.0000,0.0001,7.0127,0.0003,200,1657.3450,1081
6.0767,0.0036,0.0000,0.0001,6.0727,0.0003,200,1664.3654,1085
5.8039,0.0037,0.0000,0.0001,5.7995,0.0006,200,1670.4421,1085
6.6590,0.0033,0.0000,0.0002,6.6546,0.0004,200,1676.2460,1086
6.1254,0.0034,0.0000,0.0001,6.1215,0.0004,200,1682.9050,1087
5.7839,0.0035,0.0000,0.0004,5.7794,0.0004,200,1689.0305,1085
6.0977,0.0145,0.0000,0.0002,6.0821,0.0006,200,1694.8144,1084
6.1726,0.0039,0.0000,0.0001,6.1678,0.0004,200,1700.9120,1085
6.8606,0.0044,0.0000,0.0001,6.8556,0.0004,200,1707.0846,1084
5.9488,0.0043,0.0000,0.0003,5.9435,0.0007,200,1713.9452,1085
5.9168,0.0038,0.0000,0.0002,5.9123,0.0004,200,1719.8940,1088
6.0963,0.0041,0.0000,0.0001,6.0916,0.0004,200,1725.8108,1085
5.9655,0.0035,0.0000,0.0001,5.9613,0.0004,200,1731.9071,1085
5.4533,0.0037,0.0000,0.0001,5.4491,0.0003,200,1737.8726,1085
5.8529,0.0031,0.0000,0.0001,5.8490,0.0003,200,1743.3259,1084
5.7216,0.0037,0.0000,0.0001,5.7173,0.0005,200,1749.1788,1081
5.7513,0.0050,0.0000,0.0001,5.7456,0.0004,200,1754.9004,1087
5.7042,0.0038,0.0000,0.0003,5.6998,0.0003,200,1760.6517,1081
5.8049,0.0041,0.0000,0.0001,5.8002,0.0004,200,1766.3560,1085
5.6318,0.0039,0.0000,0.0001,5.6273,0.0004,200,1772.1608,1084
5.6372,0.0049,0.0000,0.0001,5.6317,0.0004,200,1777.7926,1084
5.7449,0.0039,0.0000,0.0001,5.7404,0.0003,200,1783.4298,1086
5.6767,0.0046,0.0000,0.0001,5.6713,0.0005,200,1789.1747,1087
5.7003,0.0040,0.0000,0.0003,5.6957,0.0003,200,1794.8514,1084
5.6217,0.0063,0.0000,0.0003,5.6145,0.0005,200,1800.5517,1088
